  500 250 1000000 10000 01
  500 250 1000000 10000 02
  500 250 1000000 10000 03
  500 250 1000000 10000 04
  500 250 1000000 10000 05
  500 250 1000000 10000 06
  500 250 1000000 10000 07
  500 250 1000000 10000 08
  500 250 1000000 10000 09
  500 250 1000000 10000 10
  500 250 1000000 10000 00
 1000 500 1000000 10000 02
 1000 500 1000000 10000 03
 1000 500 1000000 10000 04
 1000 500 1000000 10000 05
 1000 500 1000000 10000 06
 1000 500 1000000 10000 07
 1000 500 1000000 10000 08
 1000 500 1000000 10000 09
 1000 500 1000000 10000 10
 1000 500 1000000 10000 00
 1500 750 1000000 10000 02
 1500 750 1000000 10000 03
 1500 750 1000000 10000 04
 1500 750 1000000 10000 05
 1500 750 1000000 10000 06
 1500 750 1000000 10000 07
 1500 750 1000000 10000 08
 1500 750 1000000 10000 09
 1500 750 1000000 10000 10
 1500 750 1000000 10000 00
 2000 1000 2000000 10000 02
 2000 1000 2000000 10000 03
 2000 1000 2000000 10000 04
 2000 1000 2000000 10000 05
 2000 1000 2000000 10000 06
 2000 1000 2000000 10000 07
 2000 1000 2000000 10000 08
 2000 1000 2000000 10000 09
 2000 1000 2000000 10000 10
 2000 1000 2000000 10000 00
