  400 200 1000000 10000 11
  400 200 1000000 10000 12
  400 200 1000000 10000 13
  400 200 1000000 10000 14
  400 200 1000000 10000 15
  400 200 1000000 10000 16
  400 200 1000000 10000 17
  400 200 1000000 10000 18
  400 200 1000000 10000 19
  400 200 1000000 10000 10
 1000 500 1000000 10000 10
 1000 500 1000000 10000 11
 1000 500 1000000 10000 12
 1000 500 1000000 10000 13
 1000 500 1000000 10000 14
 1000 500 1000000 10000 15
 1000 500 1000000 10000 16
 1000 500 1000000 10000 17
 1000 500 1000000 10000 18
 1000 500 1000000 10000 19
 1500 750 1000000 10000 10
 1500 750 1000000 10000 11
 1500 750 1000000 10000 12
 1500 750 1000000 10000 13
 1500 750 1000000 10000 14
 1500 750 1000000 10000 15
 1500 750 1000000 10000 16
 1500 750 1000000 10000 17
 1500 750 1000000 10000 18
 1500 750 1000000 10000 19
 2000 1000 4000000 10000 10
 2000 1000 4000000 10000 11
 2000 1000 4000000 10000 12
 2000 1000 4000000 10000 13
 2000 1000 4000000 10000 14
 2000 1000 4000000 10000 15
 2000 1000 4000000 10000 16
 2000 1000 4000000 10000 17
 2000 1000 4000000 10000 18
 2000 1000 4000000 10000 19

